27.64	27.64	100.000	64	0	0	1	64	1	64	3.19e-43	127
27.64	23.64	96.875	64	2	0	1	64	1	64	8.80e-42	123
27.64	16.63	96.825	63	2	0	2	64	1	63	6.19e-41	121
27.64	9.66	79.688	64	12	1	1	64	1	63	2.44e-33	102
27.64	28.66	79.688	64	12	1	1	64	1	63	2.44e-33	102
27.64	127.66	79.688	64	12	1	1	64	1	63	2.44e-33	102
16.63	23.64	100.000	51	0	0	1	51	2	52	1.96e-33	102
16.63	16.63	100.000	51	0	0	1	51	1	51	2.14e-33	102
16.63	27.64	98.039	51	1	0	1	51	2	52	3.52e-33	101
16.63	9.66	89.796	49	4	1	3	51	4	51	4.03e-27	86.3
16.63	28.66	89.796	49	4	1	3	51	4	51	4.03e-27	86.3
16.63	127.66	89.796	49	4	1	3	51	4	51	4.03e-27	86.3
30.62	30.62	100.000	62	0	0	1	62	1	62	1.88e-42	124
30.62	90.62	100.000	62	0	0	1	62	1	62	1.88e-42	124
49.62	49.62	100.000	62	0	0	1	62	1	62	5.59e-44	128
49.62	252.62	100.000	62	0	0	1	62	1	62	5.59e-44	128
90.62	30.62	100.000	62	0	0	1	62	1	62	1.88e-42	124
90.62	90.62	100.000	62	0	0	1	62	1	62	1.88e-42	124
252.62	49.62	100.000	62	0	0	1	62	1	62	5.59e-44	128
252.62	252.62	100.000	62	0	0	1	62	1	62	5.59e-44	128
79.61	79.61	100.000	61	0	0	1	61	1	61	8.96e-41	120
79.61	80.61	100.000	61	0	0	1	61	1	61	8.96e-41	120
79.61	168.61	100.000	61	0	0	1	61	1	61	8.96e-41	120
79.61	169.61	98.361	61	1	0	1	61	1	61	3.03e-40	119
79.61	60.56	89.091	55	6	0	7	61	2	56	2.08e-32	99.4
79.61	112.56	89.091	55	6	0	7	61	2	56	2.08e-32	99.4
79.61	113.56	89.091	55	6	0	7	61	2	56	2.08e-32	99.4
79.61	166.56	89.091	55	6	0	7	61	2	56	2.08e-32	99.4
79.61	261.56	89.091	55	6	0	7	61	2	56	2.08e-32	99.4
79.61	209.56	88.889	54	6	0	8	61	3	56	6.65e-32	98.2
80.61	79.61	100.000	61	0	0	1	61	1	61	8.96e-41	120
80.61	80.61	100.000	61	0	0	1	61	1	61	8.96e-41	120
80.61	168.61	100.000	61	0	0	1	61	1	61	8.96e-41	120
80.61	169.61	98.361	61	1	0	1	61	1	61	3.03e-40	119
80.61	60.56	89.091	55	6	0	7	61	2	56	2.08e-32	99.4
80.61	112.56	89.091	55	6	0	7	61	2	56	2.08e-32	99.4
80.61	113.56	89.091	55	6	0	7	61	2	56	2.08e-32	99.4
80.61	166.56	89.091	55	6	0	7	61	2	56	2.08e-32	99.4
80.61	261.56	89.091	55	6	0	7	61	2	56	2.08e-32	99.4
80.61	209.56	88.889	54	6	0	8	61	3	56	6.65e-32	98.2
168.61	79.61	100.000	61	0	0	1	61	1	61	8.96e-41	120
168.61	80.61	100.000	61	0	0	1	61	1	61	8.96e-41	120
168.61	168.61	100.000	61	0	0	1	61	1	61	8.96e-41	120
168.61	169.61	98.361	61	1	0	1	61	1	61	3.03e-40	119
168.61	60.56	89.091	55	6	0	7	61	2	56	2.08e-32	99.4
168.61	112.56	89.091	55	6	0	7	61	2	56	2.08e-32	99.4
168.61	113.56	89.091	55	6	0	7	61	2	56	2.08e-32	99.4
168.61	166.56	89.091	55	6	0	7	61	2	56	2.08e-32	99.4
168.61	261.56	89.091	55	6	0	7	61	2	56	2.08e-32	99.4
168.61	209.56	88.889	54	6	0	8	61	3	56	6.65e-32	98.2
169.61	169.61	100.000	61	0	0	1	61	1	61	1.81e-40	119
169.61	79.61	98.361	61	1	0	1	61	1	61	3.03e-40	119
169.61	80.61	98.361	61	1	0	1	61	1	61	3.03e-40	119
169.61	168.61	98.361	61	1	0	1	61	1	61	3.03e-40	119
169.61	60.56	89.091	55	6	0	7	61	2	56	2.27e-32	99.4
169.61	112.56	89.091	55	6	0	7	61	2	56	2.27e-32	99.4
169.61	113.56	89.091	55	6	0	7	61	2	56	2.27e-32	99.4
169.61	166.56	89.091	55	6	0	7	61	2	56	2.27e-32	99.4
169.61	261.56	89.091	55	6	0	7	61	2	56	2.27e-32	99.4
169.61	209.56	88.889	54	6	0	8	61	3	56	6.73e-32	97.8
17.58	17.58	100.000	58	0	0	1	58	1	58	3.57e-41	121
17.58	24.58	100.000	58	0	0	1	58	1	58	3.57e-41	121
17.58	31.58	100.000	58	0	0	1	58	1	58	3.57e-41	121
17.58	283.58	100.000	58	0	0	1	58	1	58	3.57e-41	121
24.58	17.58	100.000	58	0	0	1	58	1	58	3.57e-41	121
24.58	24.58	100.000	58	0	0	1	58	1	58	3.57e-41	121
24.58	31.58	100.000	58	0	0	1	58	1	58	3.57e-41	121
24.58	283.58	100.000	58	0	0	1	58	1	58	3.57e-41	121
31.58	17.58	100.000	58	0	0	1	58	1	58	3.57e-41	121
31.58	24.58	100.000	58	0	0	1	58	1	58	3.57e-41	121
31.58	31.58	100.000	58	0	0	1	58	1	58	3.57e-41	121
31.58	283.58	100.000	58	0	0	1	58	1	58	3.57e-41	121
283.58	17.58	100.000	58	0	0	1	58	1	58	3.57e-41	121
283.58	24.58	100.000	58	0	0	1	58	1	58	3.57e-41	121
283.58	31.58	100.000	58	0	0	1	58	1	58	3.57e-41	121
283.58	283.58	100.000	58	0	0	1	58	1	58	3.57e-41	121
25.57	25.57	100.000	57	0	0	1	57	1	57	1.52e-40	119
25.57	163.57	100.000	57	0	0	1	57	1	57	1.52e-40	119
25.57	204.56	53.571	56	24	1	2	57	3	56	6.37e-18	62.4
25.57	116.56	53.571	56	24	1	2	57	3	56	7.19e-18	62.4
163.57	25.57	100.000	57	0	0	1	57	1	57	1.52e-40	119
163.57	163.57	100.000	57	0	0	1	57	1	57	1.52e-40	119
163.57	204.56	53.571	56	24	1	2	57	3	56	6.37e-18	62.4
163.57	116.56	53.571	56	24	1	2	57	3	56	7.19e-18	62.4
60.56	60.56	100.000	56	0	0	1	56	1	56	4.00e-27	85.9
60.56	112.56	100.000	56	0	0	1	56	1	56	4.00e-27	85.9
60.56	113.56	100.000	56	0	0	1	56	1	56	4.00e-27	85.9
60.56	166.56	100.000	56	0	0	1	56	1	56	4.00e-27	85.9
60.56	261.56	100.000	56	0	0	1	56	1	56	4.00e-27	85.9
60.56	209.56	98.214	56	1	0	1	56	1	56	2.10e-26	84.0
60.56	79.61	89.091	55	6	0	2	56	7	61	9.04e-24	77.4
60.56	80.61	89.091	55	6	0	2	56	7	61	9.04e-24	77.4
60.56	168.61	89.091	55	6	0	2	56	7	61	9.04e-24	77.4
60.56	169.61	89.091	55	6	0	2	56	7	61	9.87e-24	77.4
112.56	60.56	100.000	56	0	0	1	56	1	56	4.00e-27	85.9
112.56	112.56	100.000	56	0	0	1	56	1	56	4.00e-27	85.9
112.56	113.56	100.000	56	0	0	1	56	1	56	4.00e-27	85.9
112.56	166.56	100.000	56	0	0	1	56	1	56	4.00e-27	85.9
112.56	261.56	100.000	56	0	0	1	56	1	56	4.00e-27	85.9
112.56	209.56	98.214	56	1	0	1	56	1	56	2.10e-26	84.0
112.56	79.61	89.091	55	6	0	2	56	7	61	9.04e-24	77.4
112.56	80.61	89.091	55	6	0	2	56	7	61	9.04e-24	77.4
112.56	168.61	89.091	55	6	0	2	56	7	61	9.04e-24	77.4
112.56	169.61	89.091	55	6	0	2	56	7	61	9.87e-24	77.4
113.56	60.56	100.000	56	0	0	1	56	1	56	4.00e-27	85.9
113.56	112.56	100.000	56	0	0	1	56	1	56	4.00e-27	85.9
113.56	113.56	100.000	56	0	0	1	56	1	56	4.00e-27	85.9
113.56	166.56	100.000	56	0	0	1	56	1	56	4.00e-27	85.9
113.56	261.56	100.000	56	0	0	1	56	1	56	4.00e-27	85.9
113.56	209.56	98.214	56	1	0	1	56	1	56	2.10e-26	84.0
113.56	79.61	89.091	55	6	0	2	56	7	61	9.04e-24	77.4
113.56	80.61	89.091	55	6	0	2	56	7	61	9.04e-24	77.4
113.56	168.61	89.091	55	6	0	2	56	7	61	9.04e-24	77.4
113.56	169.61	89.091	55	6	0	2	56	7	61	9.87e-24	77.4
116.56	116.56	100.000	56	0	0	1	56	1	56	2.00e-39	116
116.56	204.56	98.214	56	1	0	1	56	1	56	2.79e-39	116
116.56	25.57	53.571	56	24	1	3	56	2	57	7.07e-18	62.4
116.56	163.57	53.571	56	24	1	3	56	2	57	7.07e-18	62.4
166.56	60.56	100.000	56	0	0	1	56	1	56	4.00e-27	85.9
166.56	112.56	100.000	56	0	0	1	56	1	56	4.00e-27	85.9
166.56	113.56	100.000	56	0	0	1	56	1	56	4.00e-27	85.9
166.56	166.56	100.000	56	0	0	1	56	1	56	4.00e-27	85.9
166.56	261.56	100.000	56	0	0	1	56	1	56	4.00e-27	85.9
166.56	209.56	98.214	56	1	0	1	56	1	56	2.10e-26	84.0
166.56	79.61	89.091	55	6	0	2	56	7	61	9.04e-24	77.4
166.56	80.61	89.091	55	6	0	2	56	7	61	9.04e-24	77.4
166.56	168.61	89.091	55	6	0	2	56	7	61	9.04e-24	77.4
166.56	169.61	89.091	55	6	0	2	56	7	61	9.87e-24	77.4
204.56	204.56	100.000	56	0	0	1	56	1	56	8.23e-40	117
204.56	116.56	98.214	56	1	0	1	56	1	56	2.79e-39	116
204.56	25.57	53.571	56	24	1	3	56	2	57	6.26e-18	62.4
204.56	163.57	53.571	56	24	1	3	56	2	57	6.26e-18	62.4
209.56	209.56	100.000	56	0	0	1	56	1	56	1.77e-27	86.7
209.56	60.56	98.214	56	1	0	1	56	1	56	1.58e-26	84.3
209.56	112.56	98.214	56	1	0	1	56	1	56	1.58e-26	84.3
209.56	113.56	98.214	56	1	0	1	56	1	56	1.58e-26	84.3
209.56	166.56	98.214	56	1	0	1	56	1	56	1.58e-26	84.3
209.56	261.56	98.214	56	1	0	1	56	1	56	1.58e-26	84.3
209.56	79.61	88.889	54	6	0	3	56	8	61	2.74e-23	76.3
209.56	80.61	88.889	54	6	0	3	56	8	61	2.74e-23	76.3
209.56	168.61	88.889	54	6	0	3	56	8	61	2.74e-23	76.3
209.56	169.61	88.889	54	6	0	3	56	8	61	3.12e-23	75.9
261.56	60.56	100.000	56	0	0	1	56	1	56	4.00e-27	85.9
261.56	112.56	100.000	56	0	0	1	56	1	56	4.00e-27	85.9
261.56	113.56	100.000	56	0	0	1	56	1	56	4.00e-27	85.9
261.56	166.56	100.000	56	0	0	1	56	1	56	4.00e-27	85.9
261.56	261.56	100.000	56	0	0	1	56	1	56	4.00e-27	85.9
261.56	209.56	98.214	56	1	0	1	56	1	56	2.10e-26	84.0
261.56	79.61	89.091	55	6	0	2	56	7	61	9.04e-24	77.4
261.56	80.61	89.091	55	6	0	2	56	7	61	9.04e-24	77.4
261.56	168.61	89.091	55	6	0	2	56	7	61	9.04e-24	77.4
261.56	169.61	89.091	55	6	0	2	56	7	61	9.87e-24	77.4
258.55	258.55	100.000	55	0	0	1	55	1	55	1.23e-38	114
44.53	44.53	100.000	53	0	0	1	53	1	53	1.86e-37	111
44.53	46.53	100.000	53	0	0	1	53	1	53	1.86e-37	111
44.53	47.53	100.000	53	0	0	1	53	1	53	1.86e-37	111
44.53	48.53	100.000	53	0	0	1	53	1	53	1.86e-37	111
44.53	253.53	100.000	53	0	0	1	53	1	53	1.86e-37	111
46.53	44.53	100.000	53	0	0	1	53	1	53	1.86e-37	111
46.53	46.53	100.000	53	0	0	1	53	1	53	1.86e-37	111
46.53	47.53	100.000	53	0	0	1	53	1	53	1.86e-37	111
46.53	48.53	100.000	53	0	0	1	53	1	53	1.86e-37	111
46.53	253.53	100.000	53	0	0	1	53	1	53	1.86e-37	111
47.53	44.53	100.000	53	0	0	1	53	1	53	1.86e-37	111
47.53	46.53	100.000	53	0	0	1	53	1	53	1.86e-37	111
47.53	47.53	100.000	53	0	0	1	53	1	53	1.86e-37	111
47.53	48.53	100.000	53	0	0	1	53	1	53	1.86e-37	111
47.53	253.53	100.000	53	0	0	1	53	1	53	1.86e-37	111
48.53	44.53	100.000	53	0	0	1	53	1	53	1.86e-37	111
48.53	46.53	100.000	53	0	0	1	53	1	53	1.86e-37	111
48.53	47.53	100.000	53	0	0	1	53	1	53	1.86e-37	111
48.53	48.53	100.000	53	0	0	1	53	1	53	1.86e-37	111
48.53	253.53	100.000	53	0	0	1	53	1	53	1.86e-37	111
253.53	44.53	100.000	53	0	0	1	53	1	53	1.86e-37	111
253.53	46.53	100.000	53	0	0	1	53	1	53	1.86e-37	111
253.53	47.53	100.000	53	0	0	1	53	1	53	1.86e-37	111
253.53	48.53	100.000	53	0	0	1	53	1	53	1.86e-37	111
253.53	253.53	100.000	53	0	0	1	53	1	53	1.86e-37	111
67.51	67.51	100.000	51	0	0	1	51	1	51	2.90e-34	103
18.41	18.41	100.000	41	0	0	1	41	1	41	6.39e-27	84.0
157.35	157.35	100.000	35	0	0	1	35	1	35	2.59e-23	74.7
157.35	159.35	97.143	35	1	0	1	35	1	35	1.05e-22	73.2
157.35	158.35	97.143	35	1	0	1	35	1	35	2.88e-22	72.0
157.35	160.35	94.286	35	2	0	1	35	1	35	1.15e-21	70.5
158.35	158.35	100.000	35	0	0	1	35	1	35	4.69e-23	73.9
158.35	160.35	97.143	35	1	0	1	35	1	35	1.85e-22	72.4
158.35	157.35	97.143	35	1	0	1	35	1	35	2.88e-22	72.0
158.35	159.35	94.286	35	2	0	1	35	1	35	1.15e-21	70.5
159.35	159.35	100.000	35	0	0	1	35	1	35	2.65e-23	74.7
159.35	157.35	97.143	35	1	0	1	35	1	35	1.05e-22	73.2
159.35	160.35	97.143	35	1	0	1	35	1	35	3.04e-22	72.0
159.35	158.35	94.286	35	2	0	1	35	1	35	1.15e-21	70.5
160.35	160.35	100.000	35	0	0	1	35	1	35	4.54e-23	73.9
160.35	158.35	97.143	35	1	0	1	35	1	35	1.85e-22	72.4
160.35	159.35	97.143	35	1	0	1	35	1	35	3.04e-22	72.0
160.35	157.35	94.286	35	2	0	1	35	1	35	1.15e-21	70.5
6.32	6.32	100.000	32	0	0	1	32	1	32	2.80e-18	61.6
56.31	56.31	100.000	31	0	0	1	31	1	31	1.06e-16	57.8
56.31	145.30	96.552	29	1	0	1	29	1	29	1.49e-13	49.7
57.31	57.31	100.000	31	0	0	1	31	1	31	7.42e-18	60.5
218.31	218.31	100.000	31	0	0	1	31	1	31	4.01e-18	61.2
145.30	145.30	100.000	30	0	0	1	30	1	30	1.74e-15	54.7
145.30	56.31	96.552	29	1	0	1	29	1	29	1.44e-13	49.7
