55.107	55.107	100.000	107	0	0	1	107	1	107	4.50e-80	223
50.105	50.105	100.000	105	0	0	1	105	1	105	1.09e-76	214
50.105	51.105	100.000	105	0	0	1	105	1	105	1.09e-76	214
50.105	274.105	99.048	105	1	0	1	105	1	105	9.57e-76	212
50.105	142.105	96.190	105	4	0	1	105	1	105	3.02e-73	206
50.105	143.105	96.190	105	4	0	1	105	1	105	3.02e-73	206
50.105	217.108	35.227	88	51	3	20	101	20	107	1.98e-15	59.7
50.105	100.120	35.000	80	46	2	8	83	14	91	1.85e-12	52.4
51.105	50.105	100.000	105	0	0	1	105	1	105	1.09e-76	214
51.105	51.105	100.000	105	0	0	1	105	1	105	1.09e-76	214
51.105	274.105	99.048	105	1	0	1	105	1	105	9.57e-76	212
51.105	142.105	96.190	105	4	0	1	105	1	105	3.02e-73	206
51.105	143.105	96.190	105	4	0	1	105	1	105	3.02e-73	206
51.105	217.108	35.227	88	51	3	20	101	20	107	1.98e-15	59.7
51.105	100.120	35.000	80	46	2	8	83	14	91	1.85e-12	52.4
142.105	142.105	100.000	105	0	0	1	105	1	105	3.89e-76	213
142.105	143.105	100.000	105	0	0	1	105	1	105	3.89e-76	213
142.105	274.105	97.143	105	3	0	1	105	1	105	4.23e-74	207
142.105	50.105	96.190	105	4	0	1	105	1	105	3.02e-73	206
142.105	51.105	96.190	105	4	0	1	105	1	105	3.02e-73	206
142.105	217.108	35.227	88	51	3	20	101	20	107	1.34e-15	60.1
142.105	100.120	35.000	80	46	2	8	83	14	91	1.12e-12	52.8
143.105	142.105	100.000	105	0	0	1	105	1	105	3.89e-76	213
143.105	143.105	100.000	105	0	0	1	105	1	105	3.89e-76	213
143.105	274.105	97.143	105	3	0	1	105	1	105	4.23e-74	207
143.105	50.105	96.190	105	4	0	1	105	1	105	3.02e-73	206
143.105	51.105	96.190	105	4	0	1	105	1	105	3.02e-73	206
143.105	217.108	35.227	88	51	3	20	101	20	107	1.34e-15	60.1
143.105	100.120	35.000	80	46	2	8	83	14	91	1.12e-12	52.8
274.105	274.105	100.000	105	0	0	1	105	1	105	1.45e-76	214
274.105	50.105	99.048	105	1	0	1	105	1	105	9.57e-76	212
274.105	51.105	99.048	105	1	0	1	105	1	105	9.57e-76	212
274.105	142.105	97.143	105	3	0	1	105	1	105	4.23e-74	207
274.105	143.105	97.143	105	3	0	1	105	1	105	4.23e-74	207
274.105	217.108	35.227	88	51	3	20	101	20	107	3.82e-15	58.9
274.105	100.120	35.000	80	46	2	8	83	14	91	2.66e-12	51.6
26.104	26.104	100.000	104	0	0	1	104	1	104	5.14e-76	213
26.104	75.104	100.000	104	0	0	1	104	1	104	5.14e-76	213
26.104	124.104	100.000	104	0	0	1	104	1	104	5.14e-76	213
26.104	151.104	100.000	104	0	0	1	104	1	104	5.14e-76	213
26.104	291.104	100.000	104	0	0	1	104	1	104	5.14e-76	213
70.104	70.104	100.000	104	0	0	1	104	1	104	6.33e-76	212
70.104	266.104	100.000	104	0	0	1	104	1	104	6.33e-76	212
75.104	26.104	100.000	104	0	0	1	104	1	104	5.14e-76	213
75.104	75.104	100.000	104	0	0	1	104	1	104	5.14e-76	213
75.104	124.104	100.000	104	0	0	1	104	1	104	5.14e-76	213
75.104	151.104	100.000	104	0	0	1	104	1	104	5.14e-76	213
75.104	291.104	100.000	104	0	0	1	104	1	104	5.14e-76	213
124.104	26.104	100.000	104	0	0	1	104	1	104	5.14e-76	213
124.104	75.104	100.000	104	0	0	1	104	1	104	5.14e-76	213
124.104	124.104	100.000	104	0	0	1	104	1	104	5.14e-76	213
124.104	151.104	100.000	104	0	0	1	104	1	104	5.14e-76	213
124.104	291.104	100.000	104	0	0	1	104	1	104	5.14e-76	213
151.104	26.104	100.000	104	0	0	1	104	1	104	5.14e-76	213
151.104	75.104	100.000	104	0	0	1	104	1	104	5.14e-76	213
151.104	124.104	100.000	104	0	0	1	104	1	104	5.14e-76	213
151.104	151.104	100.000	104	0	0	1	104	1	104	5.14e-76	213
151.104	291.104	100.000	104	0	0	1	104	1	104	5.14e-76	213
266.104	70.104	100.000	104	0	0	1	104	1	104	6.33e-76	212
266.104	266.104	100.000	104	0	0	1	104	1	104	6.33e-76	212
291.104	26.104	100.000	104	0	0	1	104	1	104	5.14e-76	213
291.104	75.104	100.000	104	0	0	1	104	1	104	5.14e-76	213
291.104	124.104	100.000	104	0	0	1	104	1	104	5.14e-76	213
291.104	151.104	100.000	104	0	0	1	104	1	104	5.14e-76	213
291.104	291.104	100.000	104	0	0	1	104	1	104	5.14e-76	213
29.99	29.99	100.000	99	0	0	1	99	1	99	3.85e-72	202
29.99	68.176	98.990	99	1	0	1	99	1	99	9.97e-72	204
69.99	69.99	100.000	99	0	0	1	99	1	99	1.54e-70	198
69.99	259.99	94.949	99	5	0	1	99	1	99	2.23e-67	190
69.99	260.99	94.949	99	5	0	1	99	1	99	2.23e-67	190
259.99	259.99	100.000	99	0	0	1	99	1	99	2.03e-69	195
259.99	260.99	100.000	99	0	0	1	99	1	99	2.03e-69	195
259.99	69.99	94.949	99	5	0	1	99	1	99	2.23e-67	190
260.99	259.99	100.000	99	0	0	1	99	1	99	2.03e-69	195
260.99	260.99	100.000	99	0	0	1	99	1	99	2.03e-69	195
260.99	69.99	94.949	99	5	0	1	99	1	99	2.23e-67	190
14.98	14.98	100.000	87	0	0	12	98	12	98	3.35e-61	174
14.98	15.98	100.000	87	0	0	12	98	12	98	3.35e-61	174
15.98	14.98	100.000	87	0	0	12	98	12	98	3.35e-61	174
15.98	15.98	100.000	87	0	0	12	98	12	98	3.35e-61	174
95.96	95.96	100.000	96	0	0	1	96	1	96	1.83e-55	160
95.96	125.96	100.000	96	0	0	1	96	1	96	1.83e-55	160
125.96	95.96	100.000	96	0	0	1	96	1	96	1.83e-55	160
125.96	125.96	100.000	96	0	0	1	96	1	96	1.83e-55	160
58.91	58.91	100.000	91	0	0	1	91	1	91	1.92e-63	180
110.87	110.87	100.000	87	0	0	1	87	1	87	4.69e-64	181
110.87	150.335	100.000	87	0	0	1	87	1	87	5.07e-61	181
104.86	104.86	100.000	86	0	0	1	86	1	86	1.37e-62	177
104.86	107.86	97.674	86	2	0	1	86	1	86	1.01e-59	170
104.86	109.86	97.674	86	2	0	1	86	1	86	1.16e-59	170
104.86	105.86	98.824	85	1	0	1	85	1	85	1.26e-59	170
104.86	108.86	97.674	86	2	0	1	86	1	86	1.30e-59	169
104.86	106.86	97.674	86	2	0	1	86	1	86	1.93e-59	169
105.86	105.86	100.000	86	0	0	1	86	1	86	2.18e-62	177
105.86	107.86	98.824	85	1	0	1	85	1	85	4.10e-60	171
105.86	109.86	98.824	85	1	0	1	85	1	85	4.57e-60	171
105.86	108.86	98.824	85	1	0	1	85	1	85	5.63e-60	171
105.86	106.86	98.824	85	1	0	1	85	1	85	8.55e-60	170
105.86	104.86	98.824	85	1	0	1	85	1	85	1.26e-59	170
106.86	106.86	100.000	86	0	0	1	86	1	86	3.49e-62	176
106.86	107.86	97.674	86	2	0	1	86	1	86	7.25e-60	170
106.86	109.86	97.674	86	2	0	1	86	1	86	7.66e-60	170
106.86	105.86	98.824	85	1	0	1	85	1	85	8.55e-60	170
106.86	108.86	97.674	86	2	0	1	86	1	86	9.54e-60	170
106.86	104.86	97.674	86	2	0	1	86	1	86	1.93e-59	169
107.86	107.86	100.000	86	0	0	1	86	1	86	2.54e-62	176
107.86	105.86	98.824	85	1	0	1	85	1	85	4.10e-60	171
107.86	109.86	97.674	86	2	0	1	86	1	86	4.28e-60	171
107.86	108.86	97.674	86	2	0	1	86	1	86	4.88e-60	171
107.86	106.86	97.674	86	2	0	1	86	1	86	7.25e-60	170
107.86	104.86	97.674	86	2	0	1	86	1	86	1.01e-59	170
108.86	108.86	100.000	86	0	0	1	86	1	86	3.27e-62	176
108.86	109.86	97.674	86	2	0	1	86	1	86	4.73e-60	171
108.86	107.86	97.674	86	2	0	1	86	1	86	4.88e-60	171
108.86	105.86	98.824	85	1	0	1	85	1	85	5.63e-60	171
108.86	106.86	97.674	86	2	0	1	86	1	86	9.54e-60	170
108.86	104.86	97.674	86	2	0	1	86	1	86	1.30e-59	169
109.86	109.86	100.000	86	0	0	1	86	1	86	2.32e-62	176
109.86	107.86	97.674	86	2	0	1	86	1	86	4.28e-60	171
109.86	105.86	98.824	85	1	0	1	85	1	85	4.57e-60	171
109.86	108.86	97.674	86	2	0	1	86	1	86	4.73e-60	171
109.86	106.86	97.674	86	2	0	1	86	1	86	7.66e-60	170
109.86	104.86	97.674	86	2	0	1	86	1	86	1.16e-59	170
115.85	115.85	100.000	85	0	0	1	85	1	85	1.36e-59	169
164.83	164.83	100.000	83	0	0	1	83	1	83	2.24e-58	166
164.83	214.83	100.000	83	0	0	1	83	1	83	2.24e-58	166
214.83	164.83	100.000	83	0	0	1	83	1	83	2.24e-58	166
214.83	214.83	100.000	83	0	0	1	83	1	83	2.24e-58	166
5.79	5.79	100.000	79	0	0	1	79	1	79	6.45e-31	97.1
147.76	147.76	100.000	76	0	0	1	76	1	76	1.32e-53	154
162.76	162.76	100.000	76	0	0	1	76	1	76	1.15e-40	121
162.76	279.76	98.684	76	1	0	1	76	1	76	1.79e-39	118
162.76	78.75	98.667	75	1	0	2	76	1	75	2.22e-38	115
162.76	81.75	98.667	75	1	0	2	76	1	75	2.22e-38	115
162.76	264.75	98.667	75	1	0	2	76	1	75	2.22e-38	115
279.76	279.76	100.000	76	0	0	1	76	1	76	1.12e-40	121
279.76	78.75	100.000	75	0	0	2	76	1	75	1.02e-39	119
279.76	81.75	100.000	75	0	0	2	76	1	75	1.02e-39	119
279.76	264.75	100.000	75	0	0	2	76	1	75	1.02e-39	119
279.76	162.76	98.684	76	1	0	1	76	1	76	1.71e-39	118
78.75	279.76	100.000	75	0	0	1	75	2	76	1.02e-39	119
78.75	78.75	100.000	75	0	0	1	75	1	75	1.28e-39	118
78.75	81.75	100.000	75	0	0	1	75	1	75	1.28e-39	118
78.75	264.75	100.000	75	0	0	1	75	1	75	1.28e-39	118
78.75	162.76	98.667	75	1	0	1	75	2	76	2.19e-38	115
81.75	279.76	100.000	75	0	0	1	75	2	76	1.02e-39	119
81.75	78.75	100.000	75	0	0	1	75	1	75	1.28e-39	118
81.75	81.75	100.000	75	0	0	1	75	1	75	1.28e-39	118
81.75	264.75	100.000	75	0	0	1	75	1	75	1.28e-39	118
81.75	162.76	98.667	75	1	0	1	75	2	76	2.19e-38	115
264.75	279.76	100.000	75	0	0	1	75	2	76	1.02e-39	119
264.75	78.75	100.000	75	0	0	1	75	1	75	1.28e-39	118
264.75	81.75	100.000	75	0	0	1	75	1	75	1.28e-39	118
264.75	264.75	100.000	75	0	0	1	75	1	75	1.28e-39	118
264.75	162.76	98.667	75	1	0	1	75	2	76	2.19e-38	115
82.67	82.67	100.000	67	0	0	1	67	1	67	6.06e-47	136
82.67	83.67	98.507	67	1	0	1	67	1	67	3.63e-46	134
82.67	86.67	98.507	67	1	0	1	67	1	67	5.45e-46	134
82.67	85.67	97.015	67	2	0	1	67	1	67	2.25e-45	132
82.67	84.67	97.015	67	2	0	1	67	1	67	5.72e-45	131
83.67	83.67	100.000	67	0	0	1	67	1	67	5.74e-47	136
83.67	86.67	98.507	67	1	0	1	67	1	67	3.01e-46	134
83.67	82.67	98.507	67	1	0	1	67	1	67	3.63e-46	134
83.67	85.67	97.015	67	2	0	1	67	1	67	1.30e-45	133
83.67	84.67	97.015	67	2	0	1	67	1	67	3.61e-45	132
84.67	84.67	100.000	67	0	0	1	67	1	67	8.90e-47	135
84.67	86.67	98.507	67	1	0	1	67	1	67	1.11e-45	133
84.67	83.67	97.015	67	2	0	1	67	1	67	3.61e-45	132
84.67	85.67	97.015	67	2	0	1	67	1	67	4.91e-45	131
84.67	82.67	97.015	67	2	0	1	67	1	67	5.72e-45	131
85.67	85.67	100.000	67	0	0	1	67	1	67	8.81e-47	136
85.67	86.67	98.507	67	1	0	1	67	1	67	4.53e-46	134
85.67	83.67	97.015	67	2	0	1	67	1	67	1.30e-45	133
85.67	82.67	97.015	67	2	0	1	67	1	67	2.25e-45	132
85.67	84.67	97.015	67	2	0	1	67	1	67	4.91e-45	131
86.67	86.67	100.000	67	0	0	1	67	1	67	1.05e-46	135
86.67	83.67	98.507	67	1	0	1	67	1	67	3.01e-46	134
86.67	85.67	98.507	67	1	0	1	67	1	67	4.53e-46	134
86.67	82.67	98.507	67	1	0	1	67	1	67	5.45e-46	134
86.67	84.67	98.507	67	1	0	1	67	1	67	1.11e-45	133
9.66	9.66	100.000	66	0	0	1	66	1	66	1.42e-44	130
9.66	28.66	100.000	66	0	0	1	66	1	66	1.42e-44	130
9.66	127.66	100.000	66	0	0	1	66	1	66	1.42e-44	130
9.66	27.64	79.688	64	12	1	1	63	1	64	2.51e-33	102
9.66	23.64	79.688	64	12	1	1	63	1	64	9.92e-33	100
9.66	16.63	81.967	61	10	1	4	63	3	63	4.64e-32	99.0
28.66	9.66	100.000	66	0	0	1	66	1	66	1.42e-44	130
28.66	28.66	100.000	66	0	0	1	66	1	66	1.42e-44	130
28.66	127.66	100.000	66	0	0	1	66	1	66	1.42e-44	130
28.66	27.64	79.688	64	12	1	1	63	1	64	2.51e-33	102
28.66	23.64	79.688	64	12	1	1	63	1	64	9.92e-33	100
28.66	16.63	81.967	61	10	1	4	63	3	63	4.64e-32	99.0
127.66	9.66	100.000	66	0	0	1	66	1	66	1.42e-44	130
127.66	28.66	100.000	66	0	0	1	66	1	66	1.42e-44	130
127.66	127.66	100.000	66	0	0	1	66	1	66	1.42e-44	130
127.66	27.64	79.688	64	12	1	1	63	1	64	2.51e-33	102
127.66	23.64	79.688	64	12	1	1	63	1	64	9.92e-33	100
127.66	16.63	81.967	61	10	1	4	63	3	63	4.64e-32	99.0
23.64	23.64	100.000	52	0	0	1	52	1	52	2.28e-34	104
23.64	27.64	98.077	52	1	0	1	52	1	52	4.35e-34	103
23.64	16.63	100.000	51	0	0	2	52	1	51	2.25e-33	102
23.64	9.66	86.538	52	6	1	1	52	1	51	7.92e-28	88.2
23.64	28.66	86.538	52	6	1	1	52	1	51	7.92e-28	88.2
23.64	127.66	86.538	52	6	1	1	52	1	51	7.92e-28	88.2
