8.585	8.585	100.000	585	0	0	1	585	1	585	0.0	1185
293.473	293.473	100.000	473	0	0	1	473	1	473	0.0	860
121.394	121.394	100.000	394	0	0	1	394	1	394	0.0	808
292.386	292.386	100.000	349	0	0	38	386	38	386	3.07e-117	339
74.381	74.381	100.000	381	0	0	1	381	1	381	0.0	761
74.381	73.374	97.326	374	10	0	8	381	1	374	0.0	723
73.374	73.374	100.000	374	0	0	1	374	1	374	0.0	725
73.374	74.381	97.326	374	10	0	1	374	8	381	0.0	723
150.335	150.335	100.000	335	0	0	1	335	1	335	0.0	668
150.335	110.87	100.000	87	0	0	1	87	1	87	1.43e-60	182
167.321	167.321	100.000	298	0	0	1	298	1	298	0.0	625
156.305	156.305	100.000	305	0	0	1	305	1	305	0.0	606
156.305	155.278	99.640	278	1	0	28	305	1	278	0.0	546
63.298	63.298	100.000	298	0	0	1	298	1	298	0.0	585
63.298	119.298	100.000	298	0	0	1	298	1	298	0.0	585
119.298	63.298	100.000	298	0	0	1	298	1	298	0.0	585
119.298	119.298	100.000	298	0	0	1	298	1	298	0.0	585
155.278	155.278	100.000	278	0	0	1	278	1	278	0.0	548
155.278	156.305	99.640	278	1	0	1	278	28	305	0.0	546
40.275	40.275	100.000	275	0	0	1	275	1	275	1.37e-174	476
40.275	41.275	99.273	275	2	0	1	275	1	275	9.61e-167	456
41.275	41.275	100.000	275	0	0	1	275	1	275	1.96e-164	450
41.275	40.275	99.273	275	2	0	1	275	1	275	3.35e-164	449
141.260	141.260	100.000	260	0	0	1	260	1	260	0.0	540
141.260	117.212	29.661	236	122	10	7	242	1	192	2.77e-20	79.3
141.260	118.216	28.151	238	125	10	7	241	1	195	2.51e-13	60.1
54.256	54.256	100.000	256	0	0	1	256	1	256	0.0	496
154.247	154.247	100.000	247	0	0	1	247	1	247	0.0	501
52.245	52.245	100.000	245	0	0	1	245	1	245	0.0	495
52.245	153.131	100.000	131	0	0	16	146	1	131	5.55e-95	267
52.245	216.239	42.735	234	131	2	15	245	6	239	1.28e-60	184
275.244	275.244	100.000	244	0	0	1	244	1	244	0.0	500
170.243	170.243	100.000	237	0	0	1	237	1	237	2.99e-175	474
216.239	216.239	100.000	239	0	0	1	239	1	239	3.36e-168	456
216.239	52.245	42.735	234	131	2	6	239	15	245	1.25e-60	184
216.239	153.131	43.077	130	74	0	7	136	1	130	2.51e-31	105
285.217	285.217	100.000	217	0	0	1	217	1	217	1.93e-167	452
118.216	118.216	100.000	216	0	0	1	216	1	216	3.06e-161	437
118.216	117.212	68.519	216	64	1	1	216	1	212	3.99e-106	297
118.216	141.260	28.151	238	125	10	1	195	7	241	2.54e-17	70.9
117.212	117.212	100.000	212	0	0	1	212	1	212	1.08e-159	432
117.212	118.216	67.593	216	66	1	1	212	1	216	4.00e-102	287
117.212	141.260	29.661	236	122	10	1	192	7	242	2.26e-20	79.3
171.212	171.212	100.000	212	0	0	1	212	1	212	1.43e-164	445
171.212	172.212	99.528	212	1	0	1	212	1	212	5.56e-164	444
172.212	172.212	100.000	212	0	0	1	212	1	212	1.66e-164	445
172.212	171.212	99.528	212	1	0	1	212	1	212	5.56e-164	444
45.207	45.207	100.000	175	0	0	1	175	1	175	2.50e-113	315
64.207	64.207	100.000	207	0	0	1	207	1	207	1.40e-157	427
64.207	120.207	99.517	207	1	0	1	207	1	207	3.22e-157	426
64.207	149.185	49.462	186	78	7	16	194	6	182	6.45e-50	154
64.207	71.185	48.925	186	79	7	16	194	6	182	1.91e-49	152
64.207	72.185	48.925	186	79	7	16	194	6	182	4.41e-49	151
64.207	13.185	49.462	186	78	7	16	194	6	182	5.19e-49	151
120.207	120.207	100.000	207	0	0	1	207	1	207	1.41e-157	427
120.207	64.207	99.517	207	1	0	1	207	1	207	3.22e-157	426
120.207	149.185	49.462	186	78	7	16	194	6	182	6.52e-50	154
120.207	71.185	48.925	186	79	7	16	194	6	182	2.08e-49	152
120.207	72.185	48.925	186	79	7	16	194	6	182	4.46e-49	151
120.207	13.185	49.462	186	78	7	16	194	6	182	5.36e-49	151
102.191	102.191	100.000	191	0	0	1	191	1	191	1.36e-112	312
102.191	62.165	99.394	165	1	0	1	165	1	165	7.90e-92	258
102.191	94.144	99.306	144	1	0	23	166	1	144	2.34e-78	224
39.189	39.189	100.000	189	0	0	1	189	1	189	1.07e-144	393
111.189	111.189	100.000	189	0	0	1	189	1	189	6.22e-140	381
10.188	10.188	100.000	188	0	0	1	188	1	188	5.54e-110	305
10.188	11.188	99.468	188	1	0	1	188	1	188	8.50e-109	302
11.188	11.188	100.000	188	0	0	1	188	1	188	4.60e-110	305
11.188	10.188	99.468	188	1	0	1	188	1	188	8.05e-109	302
281.186	281.186	100.000	186	0	0	1	186	1	186	3.50e-142	386
13.185	13.185	100.000	185	0	0	1	185	1	185	8.75e-134	365
13.185	149.185	99.459	185	1	0	1	185	1	185	3.61e-132	361
13.185	71.185	98.919	185	2	0	1	185	1	185	8.13e-132	360
13.185	72.185	98.919	185	2	0	1	185	1	185	2.43e-131	359
13.185	64.207	49.462	186	78	7	6	182	16	194	4.64e-49	151
13.185	120.207	49.462	186	78	7	6	182	16	194	4.79e-49	151
71.185	71.185	100.000	185	0	0	1	185	1	185	1.53e-133	364
71.185	149.185	99.459	185	1	0	1	185	1	185	5.84e-133	363
71.185	72.185	98.919	185	2	0	1	185	1	185	4.59e-132	360
71.185	13.185	98.919	185	2	0	1	185	1	185	8.13e-132	360
71.185	64.207	48.925	186	79	7	6	182	16	194	1.71e-49	152
71.185	120.207	48.925	186	79	7	6	182	16	194	1.86e-49	152
72.185	72.185	100.000	185	0	0	1	185	1	185	3.76e-133	363
72.185	149.185	99.459	185	1	0	1	185	1	185	1.97e-132	362
72.185	71.185	98.919	185	2	0	1	185	1	185	4.59e-132	360
72.185	13.185	98.919	185	2	0	1	185	1	185	2.43e-131	359
72.185	64.207	48.925	186	79	7	6	182	16	194	3.94e-49	151
72.185	120.207	48.925	186	79	7	6	182	16	194	3.98e-49	151
149.185	149.185	100.000	185	0	0	1	185	1	185	2.40e-133	364
149.185	71.185	99.459	185	1	0	1	185	1	185	5.84e-133	363
149.185	72.185	99.459	185	1	0	1	185	1	185	1.97e-132	362
149.185	13.185	99.459	185	1	0	1	185	1	185	3.61e-132	361
149.185	64.207	49.462	186	78	7	6	182	16	194	5.76e-50	154
149.185	120.207	49.462	186	78	7	6	182	16	194	5.83e-50	154
77.179	77.179	100.000	179	0	0	1	179	1	179	5.68e-137	372
77.179	76.146	99.315	146	1	0	30	175	1	146	7.10e-111	305
77.179	87.152	45.312	128	70	0	30	157	4	131	1.39e-38	122
77.179	88.153	45.968	124	67	0	33	156	6	129	3.12e-34	111
68.176	68.176	100.000	176	0	0	1	176	1	176	2.51e-135	368
68.176	29.99	98.990	99	1	0	1	99	1	99	1.77e-71	204
62.165	62.165	100.000	165	0	0	1	165	1	165	1.83e-93	261
62.165	102.191	99.394	165	1	0	1	165	1	165	7.54e-92	258
62.165	94.144	98.601	143	2	0	23	165	1	143	1.44e-76	218
165.165	165.165	100.000	165	0	0	1	165	1	165	3.22e-124	339
91.164	91.164	100.000	164	0	0	1	164	1	164	3.16e-123	337
91.164	92.164	100.000	164	0	0	1	164	1	164	3.16e-123	337
91.164	198.164	98.171	164	3	0	1	164	1	164	2.41e-121	332
91.164	122.164	98.780	164	2	0	1	164	1	164	2.63e-121	332
91.164	93.164	97.561	164	4	0	1	164	1	164	8.43e-121	330
92.164	91.164	100.000	164	0	0	1	164	1	164	3.16e-123	337
92.164	92.164	100.000	164	0	0	1	164	1	164	3.16e-123	337
92.164	198.164	98.171	164	3	0	1	164	1	164	2.41e-121	332
92.164	122.164	98.780	164	2	0	1	164	1	164	2.63e-121	332
92.164	93.164	97.561	164	4	0	1	164	1	164	8.43e-121	330
93.164	93.164	100.000	164	0	0	1	164	1	164	1.58e-124	340
93.164	198.164	99.390	164	1	0	1	164	1	164	4.29e-124	339
93.164	122.164	97.561	164	4	0	1	164	1	164	6.34e-121	331
93.164	91.164	97.561	164	4	0	1	164	1	164	8.43e-121	330
93.164	92.164	97.561	164	4	0	1	164	1	164	8.43e-121	330
122.164	122.164	100.000	164	0	0	1	164	1	164	5.40e-124	338
122.164	198.164	98.171	164	3	0	1	164	1	164	1.83e-121	332
122.164	91.164	98.780	164	2	0	1	164	1	164	2.63e-121	332
122.164	92.164	98.780	164	2	0	1	164	1	164	2.63e-121	332
122.164	93.164	97.561	164	4	0	1	164	1	164	6.34e-121	331
198.164	198.164	100.000	164	0	0	1	164	1	164	1.06e-124	340
198.164	93.164	99.390	164	1	0	1	164	1	164	4.29e-124	339
198.164	122.164	98.171	164	3	0	1	164	1	164	1.83e-121	332
198.164	91.164	98.171	164	3	0	1	164	1	164	2.41e-121	332
198.164	92.164	98.171	164	3	0	1	164	1	164	2.41e-121	332
37.157	37.157	100.000	157	0	0	1	157	1	157	1.87e-119	327
37.157	114.157	100.000	157	0	0	1	157	1	157	1.87e-119	327
37.157	161.157	100.000	157	0	0	1	157	1	157	1.87e-119	327
114.157	37.157	100.000	157	0	0	1	157	1	157	1.87e-119	327
114.157	114.157	100.000	157	0	0	1	157	1	157	1.87e-119	327
114.157	161.157	100.000	157	0	0	1	157	1	157	1.87e-119	327
